로또.
1. 45개의 ball 배열을 만든다. (1~45)
2. 랜덤 1개를 뽑느다.(인덱스 0 ~44)
3. 랜덤 1개의 값을 빼고 새로운 배열 만들기
4. 2번 반복(인덱스 0~43)    확률을 줄여나가기 
5. 3번 반복
6. 2번 반복(인덱스 0~42)
7. 3번 반복
8. 2번 반복(인덱스 0~41)
9. 3번 반복
10. 2번 반복(인덱스 0~40)
11. 3번 반복
12 2번 반복(인덱스 0~39)
13. 3번 반복

공 배열의 length 초기상태 45

2.777073158159962       2
[3, 0, 0, 0, 0, 0]
[1, 2, 4, 5, 6, 7, 8, 9, 10, 11, 12, 13, 14, 15, 16, 17, 18, 19, 20, 21, 22, 23, 24, 25, 26, 27, 28, 29, 30, 31, 
32, 33, 34, 35, 36, 37, 38, 39, 40, 41, 42, 43, 44, 45]

30.74781845464533       30
[3, 32, 0, 0, 0, 0]
[1, 2, 4, 5, 6, 7, 8, 9, 10, 11, 12, 13, 14, 15, 16, 17, 18, 19, 20, 21, 22, 23, 24, 25, 26, 27, 28, 29, 30, 31, 
33, 34, 35, 36, 37, 38, 39, 40, 41, 42, 43, 44, 45]

13.384140261515704      13
[3, 32, 15, 0, 0, 0]
[1, 2, 4, 5, 6, 7, 8, 9, 10, 11, 12, 13, 14, 16, 17, 18, 19, 20, 21, 22, 23, 24, 25, 26, 27, 28, 29, 30, 31, 33, 
34, 35, 36, 37, 38, 39, 40, 41, 42, 43, 44, 45]

14.406109853532865      14
[3, 32, 15, 17, 0, 0]
[1, 2, 4, 5, 6, 7, 8, 9, 10, 11, 12, 13, 14, 16, 18, 19, 20, 21, 22, 23, 24, 25, 26, 27, 28, 29, 30, 31, 33, 34, 
35, 36, 37, 38, 39, 40, 41, 42, 43, 44, 45]

8.042619876122831       8
[3, 32, 15, 17, 10, 0]
[1, 2, 4, 5, 6, 7, 8, 9, 11, 12, 13, 14, 16, 18, 19, 20, 21, 22, 23, 24, 25, 26, 27, 28, 29, 30, 31, 33, 34, 35, 
36, 37, 38, 39, 40, 41, 42, 43, 44, 45]

34.41559789613313       34
[3, 32, 15, 17, 10, 40]
[1, 2, 4, 5, 6, 7, 8, 9, 11, 12, 13, 14, 16, 18, 19, 20, 21, 22, 23, 24, 25, 26, 27, 28, 29, 30, 31, 33, 34, 35, 
36, 37, 38, 39, 41, 42, 43, 44, 45]








